17
38
38
27
91
96
77
62
81
27
63
98
65
32
87
37
78
34
73
87
36
99
76
54
95
64
60
88
80
89
67
95
66
47
24
12
81
37
87
91
17
46
87
50
25
97
54
34
24
31
76
68
33
1
20
72
64
90
29
54
34
82
19
67
35
100
8
4
71
96
35
93
97
62
20
40
15
63
17
77
82
13
77
52
85
8
83
53
100
4
47
52
11
50
78
61
47
100
93
93
2
10
42
52
30
82
11
98
94
68
4
70
11
95
58
69
66
76
59
1
31
9
89
45
36
55
49
57
22
85
31
6
89
99
71
39
85
16
63
61
74
41
41
68
37
34
28
98
57
97
27
74
51
57
84
84
39
45
86
4
6
88
71
89
33
86
4
58
70
20
67
41
7
20
73
4
21
81
51
66
33
8
10
86
18
31
49
58
77
6
10
7
40
56
79
68
82
26
53
37
65
32
83
93
50
32
8
3
92
25
39
86
85
56
9
46
6
86
54
22
63
78
43
45
98
62
74
17
86
19
100
43
94
27
70
7
85
68
48
88
38
45
66
2
23
80
10
3
60
64
66
30
50
65
1
52
93
60
4
96
63
73
84
20
81
26
11
74
93
82
32
88
65
35
4
29
17
88
34
37
63
62
43
21
24
23
34
82
5
4
36
67
41
97
88
46
75
13
17
82
98
4
28
42
65
45
32
71
35
45
44
36
43
23
31
82
19
85
56
52
58
19
84
1
25
65
31
29
46
14
43
5
57
70
100
66
75
68
59
24
20
72
58
62
52
77
17
19
6
4
71
100
91
4
54
81
47
17
24
13
3
80
16
77
44
3
16
86
87
20
17
26
63
96
69
54
31
40
54
51
89
3
60
92
41
65
77
51
93
47
29
68
86
11
21
87
77
54
37
30
1
44
39
67
58
24
29
76
41
27
77
28
38
73
42
27
79
23
52
37
90
77
18
12
42
61
62
10
5
78
91
3
91
67
37
24
10
32
52
20
84
15
24
9
69
69
85
18
17
11
26
4
64
24
41
15
98
59
89
90
74
55
52
24
78
92
29
48
73
38
23
21
96
45
93
90
59
62
14
1
90
17
6
27
5
5
52
99
20
27
37
68
60
12
94
81
97
75
51
46
